#new_infection
77, 93, 149, 131, 259, 457, 688, 769, 1771, 1459, 
1737, 1982, 2102, 2590, 2829, 3235, 3887, 3694, 3143, 3399, 
2656, 3062, 2478, 2015, 15152, 5090, 2641, 2009, 2048, 1886, 
1749, 394, 889, 397, 648, 409, 508, 406, 433, 327, 
427, 573, 202, 125, 119, 139, 143, 99, 44, 40, 
19, 24, 15, 8, 11, 20, 16, 21, 13, 34, 
39, 41, 46, 39, 78, 47, 67, 55, 54, 45, 
31, 48, 36, 35, 31, 19, 30, 39, 32, 62, 
63, 42, 46, 99, 108, 89, 46, 46, 26, 27


#new_death
0, 3, 3, 8, 8, 16, 15, 24, 26, 26, 
38, 43, 46, 45, 57, 64, 65, 73, 73, 86, 
89, 97, 108, 97, 254, 121, 143, 142, 105, 98, 
136, 114, 118, 109, 97, 150, 71, 52, 29, 44, 
47, 35, 42, 31, 38, 31, 30, 28, 27, 22, 
17, 22, 11, 7, 13, 10, 14, 13, 11, 8, 
3, 7, 6, 9, 7, 4, 6, 5, 3, 5, 
4, 1, 7, 6, 4, 4, 3, 1, 0, 2, 
2, 1, 3, 0, 2, 0, 1, 0, 0, 0

#new_recover 
1, 0, 0, 3, 6, 4, 11, 2, 9, 43, 
21, 47, 72, 85, 147, 157, 262, 261, 387, 510, 
600, 632, 716, 744, 1171, 1081, 1373, 1323, 1425, 1701, 
1824, 1779, 2109, 2393, 2230, 1846, 2589, 2422, 2750, 3622, 
2885, 2623, 2837, 2742, 2652, 2189, 1681, 1678, 1661, 1535, 
1297, 1578, 1318, 1318, 1430, 1370, 838, 930, 922, 819, 
730, 590, 504, 459, 456, 491, 401, 537, 383, 477, 
322, 282, 186, 170, 163, 180, 213, 114, 89, 112, 
91, 85, 70, 50, 88, 75, 78, 76, 52, 50
